name: poker_venv
channels:
- conda-forge
- defaults
dependencies:
- keras=2.0.6=py36_0
- libgpuarray=0.7.3=vc14_0
- mako=1.0.7=py36_0
- markupsafe=1.0=py36_0
- protobuf=3.3.2=py36_vc14_0
- pygpu=0.7.3=np113py36_0
- pyyaml=3.12=py36_1
- theano=0.9.0=py36_1
- yaml=0.1.6=vc14_0
- asn1crypto=0.22.0=py36h8e79faa_1
- backports=1.0=py36h81696a8_1
- backports.weakref=1.0rc1=py36_0
- bleach=1.5.0=py36_0
- ca-certificates=2017.08.26=h94faf87_0
- cachecontrol=0.12.3=py36hfe50d7b_0
- certifi=2017.7.27.1=py36h043bc9e_0
- cffi=1.10.0=py36hae3d1b5_1
- chardet=3.0.4=py36h420ce6e_1
- colorama=0.3.9=py36h029ae33_0
- cryptography=2.0.3=py36h123decb_1
- distlib=0.2.5=py36h51371be_0
- h5py=2.7.0=py36hfbe0a52_1
- hdf5=1.10.1=vc14hb361328_0
- html5lib=0.9999999=py36_0
- icc_rt=2017.0.4=h97af966_0
- idna=2.6=py36h148d497_1
- intel-openmp=2018.0.0=hcd89f80_7
- libprotobuf=3.2.0=vc14_0
- lockfile=0.12.2=py36h0468280_0
- markdown=2.6.9=py36_0
- mkl=2018.0.0=h36b65af_4
- msgpack-python=0.4.8=py36h58b1e9d_0
- numpy=1.13.3=py36ha320f96_0
- openssl=1.0.2l=vc14hcac20b0_2
- packaging=16.8=py36ha0986f6_1
- pip=9.0.1=py36hadba87b_3
- progress=1.3=py36hbeca8d3_0
- pycparser=2.18=py36hd053e01_1
- pymongo=3.4.0=py36_0
- pyopenssl=17.2.0=py36h15ca2fc_0
- pyparsing=2.2.0=py36h785a196_1
- pysocks=1.6.7=py36h698d350_1
- python=3.6.3=h3389d20_0
- requests=2.18.4=py36h4371aae_1
- scipy=0.19.1=py36h7565378_3
- setuptools=36.5.0=py36h65f9e6e_0
- six=1.10.0=py36h2c0fdd8_1
- tensorflow=1.2.1=py36_0
- urllib3=1.22=py36h276f60a_0
- vc=14=h2379b0c_1
- vs2015_runtime=14.0.25420=0
- webencodings=0.5.1=py36h67c50ae_1
- werkzeug=0.12.2=py36h866a736_0
- wheel=0.29.0=py36h6ce6cde_1
- win_inet_pton=1.0.1=py36he67d7fd_1
- wincertstore=0.2=py36h7fe50ca_0
- zlib=1.2.11=vc14h1cdd9ab_1
- pip:
  - configobj==5.0.6
  - cycler==0.10.0
  - lmfit==0.9.7
  - matplotlib==2.1.0
  - olefile==0.44
  - opencv-python==3.3.0.10
  - pandas==0.20.3
  - pillow==4.3.0
  - pypiwin32==220
  - pyqt5==5.9
  - pytesseract==0.1.7
  - python-dateutil==2.6.1
  - pytz==2017.2
  - pyvbox==1.2.0
  - sip==4.19.3
  - win-inet-pton==1.0.1
  - xlrd==1.1.0

