name: poker_venv
channels:
- conda-forge
- defaults
dependencies:
- backports=1.0=py35_1
- backports.weakref=1.0rc1=py35_1
- bleach=1.5.0=py35_0
- html5lib=0.9999999=py35_0
- lmfit=0.9.7=py35_0
- markdown=2.6.9=py35_0
- mock=2.0.0=py35_0
- pbr=3.1.1=py35_0
- pip=9.0.1=py35_0
- protobuf=3.3.2=py35_vc14_0
- pywin32=220=py35_1
- tensorflow=1.3.0=py35_0
- werkzeug=0.12.2=py_1
- asn1crypto=0.22.0=py35he3634b9_1
- ca-certificates=2017.08.26=h94faf87_0
- cachecontrol=0.12.3=py35h3f82863_0
- certifi=2017.7.27.1=py35hbab57cd_0
- cffi=1.10.0=py35h4132a7f_1
- chardet=3.0.4=py35h177e1b7_1
- colorama=0.3.9=py35h32a752f_0
- configobj=5.0.6=py35_0
- cryptography=2.0.3=py35h67a4558_1
- cycler=0.10.0=py35hcc71164_0
- distlib=0.2.5=py35h12c42d7_0
- freetype=2.8=vc14h17c9bdf_0
- icc_rt=2017.0.4=h97af966_0
- icu=58.2=vc14hc45fdbb_0
- idna=2.6=py35h8dcb9ae_1
- intel-openmp=2018.0.0=hcd89f80_7
- jpeg=9b=vc14h4d7706e_1
- libpng=1.6.32=vc14h5163883_3
- lockfile=0.12.2=py35h667c6d9_0
- matplotlib=2.1.0=py35hea29350_0
- mkl=2018.0.0=h36b65af_4
- msgpack-python=0.4.8=py35hdef45cb_0
- numpy=1.13.3=py35hb7e80fb_0
- openssl=1.0.2l=vc14hcac20b0_2
- packaging=16.8=py35h5fb721f_1
- pandas=0.20.3=py35he2ce742_2
- progress=1.3=py35ha84af61_0
- pycparser=2.18=py35h15a15da_1
- pyopenssl=17.2.0=py35hea705d1_0
- pyparsing=2.2.0=py35hcabcaab_1
- pyqt=5.6.0=py35hd46907b_5
- pysocks=1.6.7=py35hb30ac0d_1
- python=3.5.4=hedc2606_15
- python-dateutil=2.6.1=py35h6b299a3_1
- pytz=2017.2=py35h3d6be01_1
- qt=5.6.2=vc14h6f8c307_12
- requests=2.18.4=py35h54a615f_1
- scipy=0.19.1=py35h1e2829e_3
- setuptools=36.5.0=py35h21a22e4_0
- sip=4.18.1=py35h01cbaa7_2
- six=1.10.0=py35h06cf344_1
- sqlite=3.20.1=vc14h7ce8c62_1
- tornado=4.5.2=py35h03246f3_0
- urllib3=1.22=py35h8cc84eb_0
- vc=14=h2379b0c_1
- vs2015_runtime=14.0.25123=hd4c4e62_1
- webencodings=0.5.1=py35h5d527fb_1
- wheel=0.29.0=py35hdbcb6e6_1
- win_inet_pton=1.0.1=py35hbef1270_1
- wincertstore=0.2=py35hfebbdb8_0
- zlib=1.2.11=vc14h1cdd9ab_1
- pip:
  - altgraph==0.14
  - future==0.16.0
  - h5py==2.7.1
  - keras==2.0.8
  - macholib==1.8
  - olefile==0.44
  - opencv-python==3.3.0.10
  - pefile==2017.9.3
  - pillow==4.3.0
  - pyinstaller==3.4.dev0+g133d181
  - pymongo==3.5.1
  - pyqt5==5.9
  - pytesseract==0.1.7
  - pyvbox==1.2.0
  - pyyaml==3.12
  - win-inet-pton==1.0.1
  - xlrd==1.1.0

